6361
2921
6422
4628
7501
5662
1836
3982
2449
3346
385
4936
3931
2653
5566
9103
3958
1521
5247
8811
3983
4223
1973
5395
4463
7937
2383
5186
4432
7308
3716
5251
5412
4969
3861
6140
9480
4927
6492
404
2338
6327
6115
2300
284
5636
7045
2229
7809
8295
6080
4008
8373
627
756
6041
2644
25
2186
8718
9323
5765
9891
2021
177
4110
1798
2956
9939
8326
7539
6337
6063
1316
8761
3384
1219
9843
8820
1003
3424
9237
6690
929
2564
7675
668
3612
1538
3665
5122
1642
9188
486
7409
7759
3604
90
1520
1193
7518
4629
2731
2198
5642
4610
1546
5559
4337
3121
4194
1292
9951
352
3672
1200
5935
2105
9494
9149
8220
2837
8103
1041
9058
1194
864
5841
6686
1254
2158
5788
570
9897
8030
7731
7661
7702
3878
8676
4537
6280
817
231
8384
1142
8731
6902
6575
6211
4143
6536
9625
4142
5986
4838
9439
9658
2414
718
4833
7452
8349
7734
897
2213
8115
6788
8991
5002
2733
2324
8341
2477
148
4701
1092
4258
3690
6232
9794
9997
2679
912
9156
4426
9183
6873
1668
3655
4528
7376
8365
2999
2592
8105
8609
9453
7983
2116
7834
3204
9445
1659
6109
3647
4604
4096
7149
4960
833
2511
1533
2968
9267
305
4195
5182
2980
5386
6808
7579
3147
9172
6707
9118
3902
332
5641
7877
2892
5213
4851
3875
9388
6320
9471
3111
1693
8187
2732
2801
703
3452
3401
1331
5794
4609
657
4870
3954
1765
5605
1065
3173
1865
6818
6166
9070
8509
1335
1632
7142
3860
8640
4331
8169
9004
7220
2295
587
6924
2058
2399
9878
9383
9770
2441
8410
3620
3523
3798
1962
4568
4619
5415
654
2532
8948
4050
6654
6896
2957
6683
1513
1529
9813
8932
4931
5097
3363
9776
533
3050
6339
9212
5260
1023
5017
9652
5902
7891
4
4202
5996
5290
5482
2702
595
9040
9671
3144
8387
9593
3434
244
1672
469
647
7104
1249
3788
3339
1557
8401
9341
8007
3124
7252
6566
5109
4723
7596
2988
4734
5461
7240
1489
9418
6600
9649
8734
2104
9844
6010
185
2380
1250
7356
2369
853
8236
8928
6821
7784
9095
8396
2458
6839
1834
3290
8613
6733
5774
8852
3013
2194
7544
3238
3113
7535
7504
1714
7205
1255
1905
4262
1507
2940
9257
3056
9322
5272
7752
588
7111
7083
4470
1833
8477
3736
6091
2793
1471
5310
7131
4976
3898
8003
9025
9071
6696
1057
6242
2756
2598
9754
2413
7816
1937
8046
2785
2808
6233
1995
7249
9195
8089
6193
2520
2232
5777
3104
8132
8528
5383
438
1560
8545
4305
4113
8366
6942
3352
6131
9735
5685
1085
590
4483
4472
1611
6711
2113
8740
6861
7312
102
2581
6248
8344
6431
777
3764
4220
1416
5976
263
847
3541
4464
9661
2404
9727
7171
5991
4666
5352
2305
4125
6334
3688
1719
4306
969
3900
4166
4431
3516
3400
1470
9733
3347
5868
1293
294
8456
8099
134
1674
